piaodai_R_03 -0.4208942 0.905718 0.0502215 0 -0.9069899 -0.419296 -0.03948494 0 -0.01470455 -0.0621694 0.997957 0 2.368841 1.559934 -1.410092 1 
piaodai_R_04 -0.4621489 0.885379 0.0502213 0 -0.8867231 -0.460611 -0.03948504 0 -0.01182674 -0.06278039 0.997957 0 1.279894 1.620582 -1.410092 1 
Bone_piaodai 1.698495e-06 7.32744e-06 -1 0 0.999982 0.005915097 1.741809e-06 0 0.005915097 -0.999982 -7.317269e-06 0 -2.731842 1.617596 -4.735853e-06 1 
piaodai_R_05 -0.4621488 0.885379 0.0502205 0 -0.8867231 -0.460611 -0.03948454 0 -0.01182667 -0.06277945 0.997957 0 0.3555083 1.620581 -1.410094 1 
piaodai_R_00 -0.9739661 0.0147391 0.226213 0 -0.0001014613 -0.997913 0.06458286 0 0.2266927 0.06287865 0.971934 0 -0.4931135 2.617373 -1.595148 1 
piaodai_R_01 -0.973668 -0.0282586 0.226213 0 0.04393911 -0.996945 0.06458446 0 0.2236969 0.07282349 0.971934 0 -1.666734 2.546294 -1.595151 1 
piaodai_L_00 0.3953702 0.917147 -0.0502318 0 -0.9183739 0.393737 -0.03948544 0 -0.01643582 0.06174296 0.997957 0 2.411628 -1.492906 -1.410095 1 
piaodai_L_01 0.437178 0.897971 -0.0502309 0 -0.899272 0.435603 -0.03948504 0 -0.01357568 0.06243324 0.997957 0 1.325721 -1.555594 -1.410097 1 
piaodai_L_02 0.437178 0.897971 -0.0502298 0 -0.899272 0.435603 -0.03948454 0 -0.01357571 0.06243204 0.997957 0 0.401337 -1.555593 -1.410099 1 
piaodai_L_04 0.973964 0.01474291 -0.226221 0 -0.0001049616 0.997912 0.06458236 0 0.2267009 -0.06287719 0.971932 0 -0.4928279 -2.61737 -1.59521 1 
piaodai_L_05 0.973666 -0.02825509 -0.226221 0 0.04393588 0.996945 0.06458335 0 0.2237051 -0.07282191 0.971932 0 -1.666448 -2.546305 -1.595213 1 