Pelvis 3.846096e-12 2.7736e-06 1 0 1 -1.3868e-06 1e-15 0 1.3868e-06 1 -2.7736e-06 0 4.628648 1.181262 -3.27636e-06 1 
Spine1 1.445372e-06 -1.32809e-06 1 0 0.998997 0.0447731 -1.38446e-06 0 -0.0447731 0.998997 1.391472e-06 0 2.898001 1.313187 -4.765987e-06 1 
Spine2 1.445372e-06 -1.32809e-06 1 0 0.998997 0.0447731 -1.38446e-06 0 -0.0447731 0.998997 1.391472e-06 0 1.829109 1.315086 -4.762427e-06 1 
Spine3 1.645138e-06 -4.47822e-06 1 0 0.995991 0.0894578 -1.23793e-06 0 -0.0894578 0.995991 4.607434e-06 0 -0.613203 1.291443 -5.23101e-07 1 
Neck 1.45548e-06 -4.62719e-06 1 0 0.999865 -0.0164609 -1.53145e-06 0 0.0164609 0.999865 4.602603e-06 0 -3.533484 1.66536 4.880458e-07 1 
Head 2.02963e-06 -5.24029e-07 1 0 0.997783 0.0665451 -1.99026e-06 0 -0.0665451 0.997783 6.579297e-07 0 -3.930168 1.343944 -4.075111e-06 1 
Bip001_mawei_L 0.7295772 -0.156522 -0.665746 0 0.6731088 -0.007897643 0.739501 0 -0.1210061 -0.987643 0.09959428 0 -8.09665 -1.58188 -4.101065 1 
Bip001_mawei_R -0.7295752 0.156522 -0.665749 0 0.6731119 -0.007894302 -0.739499 0 -0.1210036 -0.987643 -0.09959728 0 -8.09664 -1.581906 4.101073 1 
maozi_00 0.4005222 -0.858243 -0.3209371 0 0.869789 0.466273 -0.161421 0 0.2881828 -0.2144948 0.933243 0 -8.696194 -5.36341 2.925494 1 
maozi_01 0.894957 -0.249405 -0.369933 0 0.2422727 0.967929 -0.0664535 0 0.3746432 -0.03015161 0.926679 0 -3.09106 -11.60183 1.797283 1 
maozi_02 0.5296061 0.1272581 -0.8386431 0 -0.2798884 0.959527 -0.03114939 0 0.8007361 0.2512236 0.5437898 0 2.383744 -12.33729 2.396206 1 
L_Shoulder 0.999995 0.00151255 0.00290419 0 -0.002755834 -0.0902511 0.995915 0 0.001768478 -0.995918 -0.09024642 0 -1.411699 -1.99259 -2.506059 1 
L_UpperArm 0.84297 -9.89286e-07 1.76399e-06 0 -1.555631e-06 -0.089458 0.995991 0 -6.975721e-07 -0.99599 -0.08945809 0 -2.808246 -1.989538 -2.494827 1 
L_ForeArm 0.670742 -9.89286e-07 1.76399e-06 0 -1.237798e-06 -0.089458 0.995991 0 -5.550499e-07 -0.995991 -0.089458 0 -3.760547 -1.989538 -2.494826 1 
L_Hand 1.064991 -1.76489e-06 -1.12189e-06 0 -1.978123e-06 -0.996062 -0.0886624 0 -1.023448e-06 0.0886624 -0.996062 0 -8.412115 2.493236 -1.991529 1 
R_Shoulder -0.999995 -0.00150912 0.00290084 0 -0.002752808 -0.0902507 -0.995915 0 0.001764759 -0.995918 0.09024603 0 -1.411691 -1.992592 2.506059 1 
R_UpperArm -0.84297 -3.68341e-06 -1.61894e-06 0 1.637012e-06 -0.0894576 -0.995991 0 2.970469e-06 -0.995991 0.0894576 0 -2.808225 -1.989567 2.494825 1 
R_ForeArm -0.670742 -3.68341e-06 -1.61894e-06 0 1.302552e-06 -0.0894576 -0.995991 0 2.36357e-06 -0.995991 0.0894576 0 -3.76053 -1.989567 2.494826 1 
R_Hand -1.064991 -1.62178e-06 3.5481e-06 0 2.055405e-06 -0.996062 0.088662 0 3.610677e-06 0.088662 0.996062 0 -8.412086 2.493236 1.991558 1 
Bone_piaodai 1.788694e-06 7.348779e-06 -1 0 0.996502 -0.0835659 1.16833e-06 0 -0.0835659 -0.996502 -7.472551e-06 0 -2.860522 1.333465 -6.952598e-06 1 
piaodai_L_00 0.3953709 0.917147 -0.05023179 0 -0.9161631 0.397682 0.04994901 0 0.06578688 0.02627211 0.997488 0 2.526686 -1.526737 -1.122161 1 
piaodai_L_01 0.4371783 0.897971 -0.05023092 0 -0.8968809 0.439442 0.04994939 0 0.06692664 0.02321437 0.997488 0 1.439099 -1.594687 -1.122163 1 
piaodai_L_02 0.4371784 0.897971 -0.05022983 0 -0.8968808 0.439442 0.04994989 0 0.06692661 0.02321316 0.997488 0 0.5147143 -1.594686 -1.122165 1 
piaodai_L_04 0.9739639 0.01474274 -0.226221 0 0.02017592 0.988286 0.151271 0 0.2258013 -0.1518968 0.962258 0 -0.4285756 -2.765273 -1.328217 1 
piaodai_L_05 0.9736661 -0.028255 -0.226221 0 0.06377193 0.986433 0.151272 0 0.2188777 -0.161715 0.962258 0 -1.608785 -2.696899 -1.328219 1 
piaodai_R_00 -0.9739661 0.01473879 0.226213 0 0.02017887 -0.9882861 0.151272 0 0.2257927 0.1518985 0.96226 0 -0.4288639 2.765279 -1.328153 1 
piaodai_R_01 -0.973668 -0.02825843 0.226213 0 0.06377447 -0.986433 0.151274 0 0.2188691 0.1617173 0.96226 0 -1.609073 2.69689 -1.328158 1 
piaodai_R_03 -0.4208948 0.905718 0.05022149 0 -0.904669 -0.423177 0.0499493 0 0.06649259 -0.02441043 0.997488 0 2.482906 1.596976 -1.122157 1 
piaodai_R_04 -0.4621486 0.885379 0.05022117 0 -0.8842262 -0.46438 0.04994931 0 0.06754582 -0.02132287 0.997488 0 1.392137 1.662837 -1.122157 1 
piaodai_R_05 -0.4621495 0.885379 0.05022043 0 -0.8842258 -0.464381 0.04994968 0 0.06754582 -0.02132199 0.997488 0 0.4677461 1.662836 -1.122159 1 
R_Thigh -8.210338e-07 1.57984e-06 -1 0 -0.999266 0.0383088 8.809529e-07 0 0.0383088 0.999266 1.547227e-06 0 -4.304217 1.347147 -2.029063 1 
R_Leg -9.183433e-07 1.60534e-06 -1 0 -0.997525 0.0703085 1.02894e-06 0 0.0703085 0.997525 1.5368e-06 0 -8.116691 1.574515 -2.029062 1 
R_Foot -1.53312e-06 1.19927e-06 -1 0 -0.972907 -0.231194 1.21432e-06 0 -0.231194 0.972907 1.521228e-06 0 -11.44863 -1.972668 -2.02906 1 
R_Toe 1.199266e-06 1.489436e-06 -1 0 -0.231194 0.972907 1.171822e-06 0 0.972907 0.231194 1.511125e-06 0 -3.415189 13.22052 -2.029063 1 
L_Thigh -1.361407e-06 1.57984e-06 -1 0 -0.999266 0.0383088 1.42093e-06 0 0.0383088 0.999266 1.526526e-06 0 -4.304217 1.347147 2.029076 1 
L_Leg -1.452094e-06 1.51019e-06 -1 0 -0.997525 0.0703085 1.55468e-06 0 0.0703085 0.997525 1.404359e-06 0 -8.116687 1.574514 2.029076 1 
L_Foot -1.487634e-06 1.091209e-06 -1 0 -0.9729071 -0.231194 1.195051e-06 0 -0.2311938 0.972908 1.405578e-06 0 -11.44862 -1.97267 2.029071 1 
L_Toe 1.091215e-06 1.531335e-06 -1 0 -0.2311942 0.972907 1.237566e-06 0 0.972908 0.231194 1.415687e-06 0 -3.4152 13.22052 2.029071 1 